! 0 200 200 1000 1
PAGE-WIDTH 576
LF 10 6 572 6 2
LF 10 110 572 110 1
LF 10 192 572 192 2
LF 10 251 572 251 1
LF 10 407 462 407 2
LF 10 526 462 526 1
LF 84 563 462 563 2
LF 10 600 572 600 1
LF 10 734 572 734 2
LF 10 868 572 868 1
LF 10 979 572 979 2
LF 10 6 10 979 2
LF 84 251 84 600 2
LF 210 526 210 600 2
LF 292 192 292 251 2
LF 336 526 336 600 2
LF 462 251 462 600 2
LF 572 6 572 979 2
SETMAG 1 1 
TEXT 24 0 298 84 服务热线：400 820 1666
SETMAG 2 2 
TEXT 4 0 160 14 快递样张
TEXT 24 0 48 128 150 450-00 000
SETMAG 1 1 
TEXT 4 0 116 206 中山
EG 5 13 20 206 fffffffff0fffffffff0c000000030c000000030c000000030c000000030c01c300030c01c380030c03ffff030c07ffff030c0f0300030c1f0300030c3ffffe030
EG 5 13 20 219 c1f0300030c070300030c07fffe030c070300030c070300030c07ffff830c07ffff830c010600030c000e00030c3fffffc30c3fffff830c007fe0030c01fef8030
EG 5 10 20 232 c0fc63f030c3f060fc30c1c0603830c000600030c000000030c000000030c000000030c000000030fffffffff0fffffffff0
SETMAG 1 1 
TEXT 24 0 299 199 打印时间：
SETMAG 1 1 
TEXT 24 0 415 199 2020-10-06
SETMAG 1 1 
TEXT 24 0 415 225 10:22:40 1/1
EG 7 9 17 288 000003f000000000003fff0000000000ff3fc000000003e001f00000000f8000780000001e00001e0000003c00000f00000078000007000000700418038000
EG 7 9 17 297 00e00c1801c00001c0043000e0000181843000e000038184300070000301843ff0300003018470e0300007018460c03800060184e0c01800060184f0c01800
EG 7 9 17 306 060187b0c01800060184918018000601841980180006018c0980180006019c0f0018000601fc070018000603ec060018000203040f0030000300041f803000
EG 7 9 17 315 03000439c0300001800470e0600001800ce070600000c0040000c00000e0000001c0000060000003800000700000030000003800000f0000001e00001e0000
EG 7 9 17 324 000f00007c0000000fc001f800000007fc0ff800000003fffff000000001ffffe000000000ffffc0000000007fff80000000003fff00000000001ffe000000
EG 7 5 17 333 00000ffc000000000007f8000000000003f0000000000001e000000000000080000000
SETMAG 1 1 
TEXT 24 0 91 258 罗小福 13632566635
SETMAG 1 1 
TEXT 24 0 91 295 广东省 珠海市香洲区珠海大道
SETMAG 1 1 
TEXT 24 0 91 332 自定义速递
SETMAG 1 1 
TEXT 24 0 36 459 寄
SETMAG 1 1 
TEXT 24 0 91 414 熊小斌 13726299557
SETMAG 1 1 
TEXT 24 0 91 448 广东省 中山市坦洲镇七村果子街
SETMAG 5 5 
SETBOLD 1
WAT 7
TEXT 24 0 91 436 450-00
SETBOLD 0
WAT 0
SETMAG 1 1 
TEXT 24 0 102 533 代收货款
SETMAG 1 1 
TEXT 24 0 228 533 到付运费
SETMAG 1 1 
TEXT 24 0 354 533 寄件重量
SETMAG 1 1 
TEXT 24 0 367 570 0.20KG
SETMAG 1 1 
TEXT270 24 0 491 340 JT0000543899225
VBARCODE 128 1 1 55 499 585 JT0000543899225
BARCODE 128 2 1 70 36 614 JT0000543899225
SETMAG 1 1 
TEXT 24 0 151 696 JT0000543899225
SETMAG 1 1 
TEXT 24 0 513 696 1/1
SETMAG 1 1 
TEXT 24 0 20 750 备注:
SETQRVER 10
BARCODE QR 24 882 M 2 U 2
HA,http://weixin.qq.com/r/fCk7I112345TrRNA93xu
ENDQR
SETMAG 1 1 
TEXT 24 0 121 882 签收人/时间
SETMAG 1 1 
TEXT 55 0 121 920 您的签收代表您已验收此包裹，并确认商品信息无误,包裹完好
SETMAG 1 1 
TEXT 55 0 121 950 、没有划痕、破损等表面质量问题
SETMAG 1 1 
TEXT 24 0 330 830 打印:2次
LF 480 825 560 825 2
LF 480 860 560 860 2
LF 480 825 480 860 2
LF 560 825 560 860 2
SETMAG 1 1 
TEXT 24 0 485 830 已检视
PRINT
